474 971
422 781
289 925
149 622
238 556
84 799
767 792
442 443
149 864
88 625
456 755
456 526
239 528
113 389
610 966
480 856
292 805
474 516
506 993
146 687
519 932
371 805
173 295
351 567
241 695
790 937
171 636
23 243
107 880
528 644
519 824
68 888
431 711
81 827
351 459
966 991
537 814
0 875
126 196
155 934
76 375
367 524
671 935
490 594
13 706
443 519
71 418
7 891
549 945
764 870
175 475
216 247
221 591
754 825
248 953
182 599
118 614
379 884
406 492
838 940
277 607
648 779
109 242
334 360
201 770
365 841
43 561
15 728
736 784
156 209
73 440
75 486
571 838
207 561
408 551
592 897
12 322
695 729
409 897
104 261
144 333
503 680
1 927
13 35
202 688
205 959
232 567
70 505
278 683
266 336
82 515
466 855
485 905
350 680
332 811
232 809
240 404
47 763
212 342
0 459
547 857
220 462
156 706
543 563
359 513
429 986
97 247
243 301
260 884
241 642
447 747
653 815
368 868
150 874
56 717
831 979
891 993
25 357
539 578
203 592
815 890
534 877
446 764
413 587
380 410
430 527
163 183
486 836
33 302
258 420
392 649
345 833
298 492
316 546
80 269
199 900
166 723
749 778
770 837
117 952
103 788
356 968
175 893
142 487
326 833
21 197
895 953
196 952
772 775
335 922
591 848
443 721
649 789
133 909
485 839
177 686
334 791
347 501
672 786
732 800
436 923
191 863
20 227
94 930
591 982
662 862
450 979
62 574
119 879
507 695
223 936
33 812
19 648
362 987
384 746
241 697
475 635
361 762
369 882
680 744
31 69
201 517
426 864
227 654
685 980
363 929
338 872
11 477
401 403
79 123
128 244
546 942
181 255
76 727
647 701
437 891
495 832
696 822
729 770
11 719
52 491
401 416
235 612
73 321
246 478
89 265
75 367
314 383
379 778
428 899
615 725
270 727
691 720
200 668
82 612
344 797
724 789
676 718
161 797
758 787
69 979
880 898
176 553
341 620
649 736
654 851
387 736
104 384
598 690
18 869
769 774
320 682
158 620
366 569
359 381
228 864
500 505
159 212
582 803
58 803
345 567
586 693
410 467
248 634
630 736
363 392
65 698
426 677
393 500
486 691
95 577
351 503
180 392
551 793
584 741
105 218
132 580
390 875
44 467
342 575
861 874
570 927
243 532
0 811
143 365
55 252
211 994
187 408
214 245
2 362
217 287
576 863
249 468
581 978
347 811
317 868
281 945
143 486
745 820
270 527
289 540
132 822
32 884
296 701
419 771
565 825
372 696
546 997
217 529
717 815
156 253
147 433
840 922
44 951
164 787
543 820
177 204
159 830
140 551
434 769
107 374
353 780
155 307
90 851
162 202
673 906
183 490
381 734
339 737
383 780
327 619
29 962
860 890
739 829
290 737
49 382
40 562
86 449
210 744
774 786
213 261
503 737
317 318
369 508
602 716
65 511
354 385
60 167
274 621
114 403
278 740
396 503
93 694
146 557
602 608
8 98
560 611
147 930
29 157
149 976
171 506
630 791
799 977
67 570
103 227
9 565
602 850
393 447
173 178
558 743
560 974
959 979
692 864
241 928
815 934
235 359
400 463
363 810
289 595
421 522
271 992
310 654
241 820
474 762
391 764
551 753
36 536
638 870
60 893
302 426
172 841
4 705
372 643
160 952
163 240
66 536
282 834
222 554
166 888
75 477
76 850
0 74
395 603
839 994
295 372
668 883
222 796
73 673
21 254
279 778
482 612
246 372
237 781
724 899
300 837
723 940
46 432
216 614
35 273
312 847
306 507
215 914
619 738
195 676
135 396
38 958
203 796
65 566
404 786
211 391
123 278
147 635
133 737
362 560
273 451
327 458
464 958
894 956
218 407
438 676
691 856
553 626
383 740
83 448
468 784
456 464
794 954
25 214
73 928
188 915
89 643
148 469
27 408
51 536
114 821
554 864
172 533
801 970
345 690
383 982
80 944
360 998
407 521
472 687
291 346
158 985
521 808
671 752
546 986
346 403
359 867
653 819
281 947
504 696
743 978
674 878
211 888
152 658
303 827
298 483
217 531
21 67
50 768
286 486
186 548
629 825
92 886
69 902
332 723
492 712
32 202
12 489
364 382
41 143
593 656
557 962
142 491
150 315
661 790
647 892
592 956
424 554
718 772
387 672
800 841
450 728
172 454
306 683
53 274
484 726
341 677
155 672
298 980
110 929
540 742
180 436
834 960
448 924
257 575
31 757
125 621
55 296
156 873
549 575
208 511
185 527
419 465
262 747
795 981
528 637
370 694
810 966
347 976
400 573
498 879
157 586
98 127
361 995
282 473
6 309
914 915
76 489
516 761
288 345
127 656
921 931
57 597
24 420
136 661
34 879
105 530
671 941
77 202
833 939
165 251
497 761
15 492
40 256
366 426
275 833
98 611
203 664
483 718
290 552
837 950
183 197
231 911
578 955
360 503
5 275
698 764
22 629
457 786
107 673
489 775
277 855
225 436
211 501
510 834
145 147
311 853
452 563
718 719
552 915
189 863
32 391
269 334
669 682
278 568
27 168
445 681
560 668
2 340
582 686
438 907
273 345
121 742
957 977
82 979
500 509
364 813
23 291
32 754
495 515
87 168
340 348
861 986
391 579
14 592
294 875
306 885
414 684
199 759
130 925
391 700
662 934
272 456
104 764
431 893
398 716
323 542
488 875
106 544
190 952
105 585
75 184
305 875
103 660
543 703
73 488
675 822
113 826
569 840
234 298
893 937
717 940
64 560
105 598
886 897
476 770
42 249
608 660
291 953
368 419
344 964
215 850
728 846
318 948
800 951
392 897
529 902
642 900
274 504
31 746
619 916
138 320
38 907
198 859
271 849
63 442
315 397
125 502
850 906
602 841
459 792
338 502
807 980
103 110
15 226
20 341
565 629
23 346
877 901
10 821
155 916
664 793
623 755
246 805
669 871
878 981
592 624
251 331
248 585
389 975
425 632
180 572
345 868
498 881
133 231
330 516
783 986
370 588
232 883
667 811
87 236
148 889
745 879
817 984
233 704
109 934
546 935
272 403
590 712
667 932
157 830
146 937
168 430
517 584
16 827
115 311
502 720
49 186
469 543
68 199
483 828
309 712
648 895
283 659
536 839
459 592
571 833
175 833
249 782
524 721
95 315
735 941
427 788
633 664
438 654
809 826
230 661
1 801
906 944
656 769
64 857
105 895
765 904
407 967
14 218
621 667
202 683
147 747
821 957
139 334
718 950
350 554
868 894
496 793
482 858
119 806
141 565
72 694
628 683
526 901
640 922
660 837
458 622
516 563
107 809
74 632
120 455
414 673
144 583
18 178
303 576
93 766
564 617
500 861
333 455
217 509
169 761
884 972
903 985
428 463
5 774
252 880
271 930
71 576
120 697
53 707
194 417
166 584
474 700
221 291
350 930
353 410
205 283
284 576
160 769
88 112
361 944
309 525
4 643
100 351
849 883
100 472
105 587
523 834
113 707
33 189
599 829
717 821
119 606
81 85
443 703
374 603
145 780
93 324
387 542
0 133
380 768
36 729
72 386
374 724
401 827
46 141
705 945
572 601
79 439
294 327
545 848
94 683
74 445
84 904
482 913
117 263
342 381
331 451
401 961
47 463
36 45
225 735
335 341
505 789
329 792
117 155
260 692
273 631
512 684
18 112
584 789
80 761
47 813
630 905
317 445
23 227
437 510
368 676
628 980
350 743
551 733
616 862
44 407
597 741
368 918
32 703
544 814
81 824
206 711
539 857
142 174
188 290
451 929
211 947
648 884
928 938
200 650
2 894
208 770
20 948
221 709
207 545
476 935
508 887
57 722
291 660
29 660
211 371
684 820
293 669
152 730
237 774
283 661
314 499
322 360
309 835
614 882
3 728
311 844
619 731
314 849
66 784
28 263
14 328
0 430
602 764
252 385
647 951
265 620
292 723
524 736
853 911
536 975
23 161
129 328
150 387
348 631
380 849
848 954
196 210
945 971
375 855
180 616
410 583
275 624
426 793
63 741
780 796
71 336
475 685
67 631
745 923
308 693
528 925
505 978
114 827
289 535
440 933
132 588
534 753
789 979
338 814
370 766
538 579
276 350
606 979
710 807
3 191
277 659
516 941
428 828
777 982
754 998
224 769
144 251
249 718
689 990
106 669
532 777
418 941
58 369
492 597
48 849
524 778
123 205
169 321
95 143
716 719
375 426
210 847
130 595
506 845
129 141
84 893
29 957
712 721
409 949
557 847
101 567
100 608
136 265
45 672
587 955
591 845
575 837
855 891
538 955
557 968
285 509
329 552
131 981
19 511
367 965
697 840
102 401
316 330
354 622
423 981
500 676
211 802
496 971
26 527
461 684
755 902
34 388
34 617
278 977
262 740
55 410
555 733
123 581
609 969
287 689
106 348
537 571
476 561
76 590
260 936
103 464
53 872
249 518
617 685
345 751
226 571
773 969
319 469
217 458
912 983
444 649
256 534
289 482
206 713
379 641
291 757
103 706
271 290
59 636
54 292
100 408
312 587
113 643
682 763
398 775
74 126
43 547
332 421
213 995
226 934
675 760
331 950
163 585
490 714
236 834
442 939
647 819
149 313
245 250
481 786
85 786
508 889
645 894
422 822
16 134
642 825
325 660
72 214
292 483
66 894
470 489
308 427
21 370
96 958
190 327
448 851
286 789
401 776
654 956
184 778
332 676
62 263
669 675
199 497
83 322
575 784
349 441
49 445
90 217
12 563
746 787
47 520
24 802
459 730
185 575
327 924
523 570
343 905
16 510
145 166
7 461
265 985
42 684
606 726
574 693
747 850
217 392
414 677
142 218
83 577
220 811
588 978
187 634
495 521
21 867
324 639
783 924
185 709
652 855
143 483
509 806
140 185
134 865
24 239
507 881
735 745
537 760
195 471
489 689
342 935
15 540
413 586
228 540
136 951
84 761
731 868
430 876
872 992
448 664
527 957
74 194
48 959
290 492
455 825
150 189
915 931
249 841
276 944
413 949
241 428
716 721
306 557
811 958
140 790
88 371
401 831
506 618
483 900
137 492
118 213
450 723
18 800
802 882
600 667
493 541
797 952
1 981
78 972
347 608
181 804
660 775
137 505
238 557
84 90
227 627
72 753
53 511
175 208
116 567
465 684
317 557
181 925
157 568
506 981
165 688
225 739
27 229
95 858
287 799
317 678
597 732
251 324
248 578
34 511
754 800
627 732
527 528
477 936
358 692
132 874
7 879
26 892
342 869
361 882
502 821
156 184
680 864
465 939
550 754
300 350
728 760
272 517
236 823
263 697
120 648
601 692
854 872
312 589
334 348
67 233
72 82
77 426
82 477
323 603
1 552
826 931
564 931
402 603
135 488
751 757
481 896
28 133
79 364
194 839
110 616
756 993
112 891
286 549
580 767
14 90
106 847
20 26
278 550
883 889
162 375
2 911
524 956
101 624
642 948
110 858
447 480
493 596
166 201
239 679
46 321
390 848
250 316
71 85
136 214
361 561
686 846
460 540
167 732
211 738
505 727
549 733
122 400
540 913
520 971
51 641
425 559
117 443
53 458
35 754
66 104
95 805
463 972
351 502
590 747
488 507
171 571
312 510
550 567
104 746
35 646
329 864
112 341
169 875
632 636
678 752
475 918
135 998
611 927
668 680
747 973
346 400
650 811
128 177
979 986
539 687
736 935
446 873
279 467
432 709
265 532
624 650
402 537
61 244
52 424
239 250
156 252
155 293
485 693
118 899
228 542
314 545
525 994
340 948
615 658
339 494
173 956
406 669
268 964
120 837
475 476
480 591
430 999
380 653
526 707
242 948
364 379
800 946
97 974
661 787
719 957
204 548
677 997
186 908
129 145
142 838
246 666
521 605
643 716
128 795
174 682
447 777
234 669
36 159
947 955
47 927
127 169
357 631
959 965
164 465
474 627
551 847
97 411
179 975
41 516
473 927
970 979
569 635
398 753
34 742
801 914
571 802
189 471
158 929
378 932
597 976
504 748
160 709
476 686
211 940
486 879
401 512
420 525
714 743
444 882
7 881
48 653
342 871
288 342
226 696
138 812
416 756
163 347
68 194
652 925
118 954
11 828
145 828
90 892
235 492
587 880
415 544
147 729
318 998
184 769
71 74
274 662
719 783
101 626
579 665
339 912
719 904
259 431
42 433
239 681
244 796
25 200
707 971
4 33
410 455
156 804
147 984
169 514
475 786
347 786
190 573
181 982
391 563
299 974
99 391
424 861
23 288
299 866
113 447
607 982
266 689
122 644
356 582
273 584
135 879
372 563
454 861
127 466
500 977
230 335
534 975
59 453
537 980
3 63
173 703
486 934
338 807
967 978
208 697
282 646
323 418
400 638
307 410
21 53
174 295
710 800
318 690
879 986
82 413
391 939
680 813
659 875
156 254
326 931
224 883
50 767
60 960
369 483
536 660
57 891
525 996
874 884
280 411
879 999
307 544
72 381
622 821
80 501
272 937
580 824
84 886
758 830
436 779
169 206
633 835
319 904
704 715
420 956
487 717
781 935
772 886
593 655
136 150
260 445
595 664
572 717
11 909
267 606
258 786
473 674
607 674
820 903
658 841
644 677
693 835
137 617
393 543
574 739
579 854
172 695
139 518
322 905
817 847
241 916
562 742
59 158
745 863
94 115
12 985
84 336
735 791
64 357
743 911
617 691
782 987
59 400
325 519
223 242
209 344
272 629
953 990
49 62
437 881
344 653
186 710
38 583
860 920
342 994
590 830
39 956
214 664
61 193
346 820
32 135
758 764
126 672
103 954
552 780
502 959
703 949
524 718
293 785
413 887
719 893
53 315
531 879
341 718
0 425
179 656
828 836
869 874
235 736
6 913
806 939
350 430
300 838
470 495
253 497
376 833
771 837
265 965
397 892
655 662
9 487
281 680
602 772
187 264
27 46
208 323
688 960
456 802
547 957
110 165
744 976
95 796
477 632
322 960
79 973
21 739
664 845
309 388
111 632
331 635
65 930
354 804
132 691
122 417
367 450
631 910
617 746
317 979
22 536
252 769
269 938
184 571
76 543
230 458
708 756
212 818
188 353
532 880
55 726
3 536
256 487
396 467
423 829
62 69
316 888
39 85
309 885
301 472
265 778
438 706
162 313
258 775
115 955
101 791
395 780
362 832
183 372
64 909
168 966
378 547
345 370
245 432
584 652
470 550
408 840
499 958
53 383
171 375
294 445
82 791
519 563
431 679
625 666
110 220
275 324
794 889
159 378
109 786
134 321
667 784
652 661
266 854
238 792
683 913
287 684
106 343
9 676
138 561
446 448
924 975
25 391
214 290
687 739
252 582
90 520
384 738
217 332
653 862
83 746
58 164
77 177
65 877
252 703
673 696
186 349
750 916
53 759
634 741
59 510
331 703
155 218
555 862
636 935
395 580
677 680
547 570
492 634
122 835
124 881
358 819
333 762
195 303
286 650
733 881
4 937
133 822
207 771
394 597
504 994
605 817
916 938
809 812
14 83
198 658
464 814
593 699
100 537
705 876
218 492
718 815
737 828
602 640
263 945
394 610
366 548
300 948
88 540
248 263
178 433
250 309
155 715
21 486
466 836
3 846
213 427
545 900
92 137
317 484
723 943
410 446
401 892
456 562
459 833
159 312
307 964
26 685
134 484
402 972
143 223
95 677
269 564
113 438
123 631
155 849
15 51
147 170
65 811
13 621
453 627
295 980
532 627
148 701
477 876
474 807
498 935
14 822
251 277
412 868
7 819
69 650
135 186
648 707
73 476
694 823
641 933
589 743
314 538
481 715
681 746
60 133
123 189
119 713
298 715
3 538
490 885
374 710
35 197
78 833
628 711
826 992
466 649
366 711
216 659
238 418
16 76
158 425
22 793
586 606
200 836
143 265
521 598
24 731
5 452
381 968
100 726
301 716
208 259
383 785
195 963
783 840
370 442
89 688
685 719
184 962
896 902
577 627
100 968
296 614
356 628
189 222
19 750
583 792
7 861
2 517
249 394
281 871
537 797
666 682
451 794
55 528
299 925
435 520
283 392
131 523
158 922
161 402
551 853
119 405
229 802
129 864
335 703
247 856
525 800
544 813
659 800
175 687
326 856
474 754
513 682
284 859
246 338
67 107
251 453
208 985
529 582
840 969
26 190
435 883
187 818
569 883
261 767
167 580
103 595
229 936
532 708
946 991
677 803
322 346
323 719
377 955
332 660
818 819
36 783
545 889
180 239
125 303
751 994
42 305
500 594
384 419
315 548
705 999
779 948
78 83
33 835
322 709
27 266
786 843
698 996
271 663
665 782
30 42
116 725
718 830
253 730
794 825
324 381
199 386
732 849
470 849
65 800
290 918
90 335
81 744
759 844
743 836
819 831
301 905
361 690
226 502
210 228
300 387
613 618
318 441
461 749
18 179
377 755
583 860
605 619
402 519
863 914
5 65
203 346
230 449
323 640
648 696
349 814
241 988
777 968
271 342
157 994
212 701
526 568
11 647
80 252
608 637
967 984
152 771
293 481
489 807
608 758
337 938
400 994
54 586
413 933
427 602
366 592
135 430
723 866
299 538
524 885
54 707
909 992
301 355
77 610
839 933
125 129
278 600
612 890
560 700
598 955
100 715
347 592
259 479
795 947
192 425
141 608
521 600
705 946
672 769
405 425
102 616
200 959
704 721
537 544
65 734
426 713
137 610
285 508
48 272
97 164
162 559
24 854
426 834
660 772
159 490
290 973
514 839
27 455
95 855
38 321
236 565
609 847
382 804
215 627
210 283
753 976
549 917
232 981
249 396
212 743
284 619
757 802
762 917
489 499
488 799
6 530
102 992
495 923
333 861
731 907
216 461
587 633
485 622
47 130
148 182
645 759
543 977
39 949
307 700
381 649
77 423
335 947
118 949
149 299
79 469
450 641
37 997
550 993
167 703
761 947
24 654
249 772
610 751
18 839
97 903
513 818
380 703
397 643
37 71
434 939
38 710
276 996
485 877
111 141
198 783
113 187
920 953
44 316
771 830
581 706
594 904
192 601
128 845
100 783
268 330
61 791
69 386
239 568
233 494
292 845
567 784
586 797
701 720
35 630
365 505
103 276
634 666
226 612
396 794
251 376
234 732
220 797
110 171
316 505
208 679
125 910
79 979
196 332
32 867
252 641
659 736
650 916
276 446
782 806
188 333
173 698
541 865
370 983
131 472
507 988
689 736
578 868
17 343
443 451
355 567
123 998
291 811
150 872
717 919
106 765
419 996
55 719
177 416
550 698
250 931
176 349
470 530
346 760
230 585
18 665
432 948
512 648
806 866
630 640
341 537
136 253
172 435
366 715
33 542
695 890
901 995
147 792
59 945
153 314
89 787
120 137
345 484
728 959
63 771
478 784
475 486
399 905
686 898
204 666
676 890
215 266
407 436
338 602
769 825
686 790
713 893
424 790
162 790
167 905
407 557
444 624
713 785
451 785
165 916
266 739
636 686
653 855
210 285
201 731
165 808
33 100
893 958
43 293
488 909
741 860
385 932
522 678
388 449
444 758
620 920
157 930
53 55
223 237
682 751
98 242
97 771
311 471
121 576
684 689
735 920
193 600
96 933
160 948
228 594
390 592
381 772
804 875
441 823
11 946
684 931
235 839
147 726
320 654
922 988
48 195
55 908
213 299
686 711
181 495
76 967
390 834
64 849
315 431
448 960
445 662
390 726
288 944
422 944
71 192
403 665
269 436
62 372
461 606
39 388
369 788
167 839
542 716
44 439
887 899
67 837
315 673
790 966
549 611
48 329
17 198
148 681
294 506
385 853
808 956
324 614
153 732
103 157
410 802
418 434
371 847
646 786
527 569
255 901
48 571
268 345
512 971
586 920
212 450
845 851
93 987
123 866
692 794
86 984
900 908
418 676
542 971
454 858
187 743
835 964
893 905
736 921
143 821
745 926
77 238
314 410
152 762
513 741
191 461
793 795
325 690
151 244
796 985
183 233
331 885
125 228
388 867
393 982
613 985
181 308
170 644
459 518
137 467
40 534
152 775
67 408
826 985
677 862
38 875
781 919
714 929
390 768
104 182
40 426
633 940
341 768
401 819
258 770
271 480
670 943
72 499
144 375
111 198
104 424
665 720
491 833
600 776
204 776
591 956
472 712
315 728
282 322
139 502
562 605
194 209
120 260
727 938
606 648
528 728
220 612
206 448
366 851
512 905
23 448
228 328
315 741
103 333
144 859
87 325
367 379
298 508
644 916
537 790
798 831
349 510
225 969
71 502
62 682
184 379
604 736
645 737
263 443
667 792
161 166
42 969
31 285
110 578
578 683
31 56
17 158
261 747
123 813
508 624
267 269
558 741
340 518
391 749
14 991
726 968
421 857
495 806
434 796
117 860
387 455
544 698
590 814
455 747
97 773
31 419
559 575
654 812
313 519
299 355
422 691
638 989
369 535
167 586
610 863
86 597
237 766
171 412
809 928
160 253
189 954
170 712
274 769
964 987
40 373
169 258
262 422
234 360
681 820
417 710
12 661
556 761
178 549
183 664
77 911
584 944
97 331
446 485
281 677
377 385
514 656
500 721
560 772
194 385
512 960
23 503
231 452
170 967
665 909
563 898
2 336
301 898
263 377
655 901
453 622
141 801
263 498
144 806
486 920
585 899
296 796
81 871
153 976
276 329
826 961
149 224
159 912
641 915
543 794
40 173
17 455
485 560
599 810
700 862
645 926
120 812
188 458
168 708
640 703
851 923
422 746
212 936
821 980
75 638
457 474
589 859
536 767
828 875
192 405
285 367
730 983
446 995
724 939
839 926
20 69
503 711
61 366
76 903
294 308
58 711
3 775
378 652
670 945
931 986
260 552
278 606
691 775
382 663
203 957
159 362
463 773
549 776
688 891
23 208
162 781
24 847
173 381
558 717
37 493
185 391
88 724
780 951
403 964
577 851
227 509
56 856
335 685
113 609
574 967
38 206
260 807
268 631
102 864
327 982
214 287
434 556
144 982
204 215
139 759
140 351
19 290
764 969
376 564
699 988
26 185
108 520
37 51
178 993
481 765
234 336
93 360
290 416
367 636
274 408
544 942
332 534
189 714
64 719
15 948
65 311
238 239
408 650
531 986
691 938
806 925
145 950
828 943
24 889
313 763
712 997
225 650
68 437
3 951
278 661
402 956
536 956
176 650
556 642
635 935
65 553
390 838
471 948
204 604
295 722
470 723
368 712
160 268
385 615
472 769
711 785
669 788
254 546
727 995
39 621
42 663
387 846
373 911
459 951
247 543
720 726
95 903
120 438
815 963
428 554
264 860
335 511
217 263
736 791
428 675
488 726
240 624
504 670
22 172
305 497
128 275
479 798
611 688
349 917
490 627
85 349
907 915
501 678
64 411
344 465
44 927
118 647
61 113
346 511
53 932
791 861
180 973
474 925
749 864
17 457
344 586
476 971
383 514
291 925
328 992
465 997
619 646
145 992
121 406
309 871
210 599
168 831
28 299
354 469
423 828
174 767
31 718
480 581
72 490
457 597
47 433
234 296
417 646
16 73
719 947
405 528
350 592
373 724
684 882
108 951
402 903
295 777
547 998
93 562
179 602
54 836
637 891
222 383
542 775
129 377
852 937
577 732
394 796
543 596
50 205
877 886
342 727
185 743
23 452
129 848
270 329
41 506
522 550
453 679
62 794
912 964
741 853
288 319
64 345
65 984
305 673
497 614
48 522
274 276
465 810
45 224
154 396
2 756
54 394
474 751
31 410
710 964
550 746
149 402
636 934
156 297
605 803
204 459
42 397
906 916
49 292
340 764
284 869
281 534
469 999
147 719
501 988
31 773
466 472
20 126
228 829
302 778
99 944
181 717
336 362
96 121
717 993
116 480
66 888
88 647
406 956
843 930
790 838
628 776
361 661
773 871
556 873
229 478
11 26
29 309
820 838
377 497
303 319
65 905
294 499
486 669
780 887
259 892
254 548
400 602
861 960
185 448
124 209
868 892
379 435
21 727
274 907
31 920
669 911
433 900
364 800
426 897
301 902
245 970
900 901
418 669
256 341
701 728
145 510
57 397
516 911
194 631
54 99
45 508
624 629
267 328
57 518
497 790
227 929
283 457
238 980
164 994
230 567
615 637
73 354
381 470
724 809
710 911
737 748
797 799
85 593
162 288
220 229
731 970
782 935
138 870
44 942
641 932
161 938
224 994
186 658
277 776
280 293
109 640
197 258
250 350
21 298
716 823
480 812
177 774
130 699
296 358
75 884
651 707
296 479
194 202
433 484
157 549
231 498
539 587
398 611
491 839
16 317
152 326
59 135
14 621
146 777
439 770
131 388
139 508
264 917
396 844
421 608
519 914
71 495
310 511
521 960
377 686
113 613
729 845
94 105
222 519
337 506
232 978
10 111
722 842
270 681
946 964
91 221
490 684
75 213
24 396
626 730
34 855
128 224
740 980
13 917
19 173
318 506
230 622
629 856
372 971
138 804
212 753
647 681
715 815
508 751
165 348
189 476
376 568
629 748
78 874
582 636
21 111
858 985
383 692
120 992
422 805
609 631
366 415
484 636
487 641
514 515
109 466
436 595
408 762
513 815
633 880
880 986
61 654
561 711
93 377
225 762
230 877
304 826
128 600
193 958
477 488
240 252
171 418
83 305
69 141
123 606
123 377
103 139
669 779
581 932
34 305
572 883
748 816
211 840
13 367
651 883
359 711
326 534
94 965
570 894
306 969
359 603
129 784
284 429
449 725
10 45
15 389
248 856
235 513
735 836
23 630
471 497
252 867
458 972
318 669
650 913
10 58
518 959
187 859
844 900
333 684
613 967
74 164
189 639
20 867
389 441
407 754
176 333
236 872
10 529
483 978
212 929
895 922
955 973
449 872
416 695
487 575
230 690
610 682
147 655
909 978
81 301
416 816
443 919
39 75
264 422
222 950
21 408
913 989
718 750
5 319
101 781
293 951
429 768
33 768
644 656
404 940
205 996
771 882
697 704
429 889
262 712
556 701
910 933
12 951
222 266
287 661
883 951
98 910
674 777
426 712
461 669
28 787
3 205
643 831
104 782
365 557
727 946
4 322
555 839
398 855
186 218
43 398
722 952
243 688
55 637
242 729
613 901
139 752
381 514
504 850
583 914
323 694
279 624
174 342
143 992
193 584
129 865
237 627
228 807
729 860
5 240
25 865
484 625
797 856
649 692
525 922
309 809
763 979
399 931
432 879
591 872
319 938
571 930
304 815
194 943
376 691
241 466
399 823
256 774
479 523
88 638
84 933
201 286
459 810
64 954
572 872
630 813
753 883
211 600
235 957
348 605
273 431
180 240
75 712
869 987
303 310
234 476
574 773
390 952
30 380
463 942
92 248
133 249
96 367
249 316
493 942
493 713
308 667
467 660
223 973
501 658
363 724
564 714
289 509
84 491
488 840
252 748
62 853
208 907
884 961
557 566
842 964
50 735
67 150
89 168
407 743
323 749
51 61
449 861
300 509
59 797
348 405
69 990
31 469
531 792
803 985
350 451
277 646
18 880
3 528
492 692
65 588
13 169
818 862
666 993
237 587
366 472
561 647
132 241
221 993
169 537
895 937
320 706
172 542
688 873
254 352
383 762
572 698
143 255
98 778
216 999
637 763
512 768
390 778
560 701
364 496
579 835
136 494
461 550
158 778
507 666
59 247
135 794
662 954
255 832
227 733
856 941
144 735
64 217
335 451
200 263
650 957
139 741
188 374
133 209
119 274
803 906
321 674
847 949
122 693
428 736
639 956
40 102
399 449
310 636
65 280
290 398
376 438
50 682
160 813
96 569
624 917
490 688
930 960
145 919
140 575
47 118
10 236
721 971
177 349
295 341
379 978
102 175
816 979
175 919
362 516
554 686
347 393
383 575
56 180
38 577
217 808
332 758
277 822
621 632
84 922
122 948
502 940
684 917
422 917
297 922
350 519
262 406
758 987
384 517
18 719
688 928
361 533
91 709
168 892
252 482
21 357
623 654
172 489
880 990
23 366
28 481
186 838
128 833
871 877
12 887
488 587
77 787
218 726
3 838
10 962
63 825
321 366
780 880
16 484
544 603
771 831
259 885
181 965
303 433
393 592
403 785
291 315
122 506
309 369
553 958
171 664
331 616
181 857
41 554
476 482
884 950
194 503
378 849
58 90
186 504
126 224
57 390
56 919
601 719
193 399
611 912
845 850
437 796
196 441
209 380
140 509
507 976
49 98
559 614
332 342
290 574
340 691
128 283
381 463
73 347
232 340
237 684
297 735
127 812
94 635
32 989
176 445
682 805
508 689
167 396
203 807
645 923
101 530
944 963
57 874
38 632
41 112
211 523
95 348
661 988
119 705
50 871
807 813
72 364
383 522
236 997
230 923
354 464
524 646
162 415
492 815
137 587
832 883
463 757
274 592
136 362
334 872
774 878
457 942
38 995
392 998
412 647
118 200
95 482
581 870
369 721
792 824
470 773
79 888
477 668
158 888
378 891
194 316
773 932
327 845
373 961
665 840
219 265
81 789
89 909
455 478
312 429
215 496
123 678
590 787
9 778
264 802
449 784
891 900
311 325
585 601
576 781
15 448
207 389
565 851
289 687
5 928
476 550
219 628
144 979
400 905
446 792
592 846
380 438
267 268
406 575
318 499
91 456
237 510
888 965
510 790
298 870
55 883
605 798
360 701
401 739
244 526
189 590
268 883
269 290
182 816
503 642
365 937
258 811
409 980
367 983
325 986
688 809
58 642
619 709
278 645
217 931
313 639
5 257
445 758
44 185
147 835
334 927
279 991
301 521
168 894
551 632
170 711
500 586
610 983
609 758
287 478
572 876
216 948
596 940
438 997
97 209
105 299
368 938
165 609
178 548
403 666
222 325
287 720
595 836
367 420
45 140
646 774
167 251
272 304
342 777
590 613
139 448
143 567
129 669
831 941
850 954
240 621
209 490
178 911
2 685
282 739
791 845
713 962
324 857
647 729
416 796
121 390
28 162
902 955
304 511
240 984
614 673
172 291
314 640
392 745
122 884
689 968
128 406
257 291
193 764
353 753
600 630
487 689
712 807
13 52
293 823
100 465
12 581
682 820
566 874
607 646
134 170
77 831
273 477
505 756
197 603
77 952
120 127
126 844
244 836
519 775
117 243
494 718
301 589
248 662
384 708
306 788
405 767
74 896
303 490
690 899
454 888
337 488
461 783
474 493
9 659
193 214
177 206
195 260
216 319
14 858
140 445
431 917
325 612
89 106
228 679
80 286
604 966
571 789
235 345
784 789
383 445
135 343
355 383
814 897
242 856
8 689
369 402
28 109
513 797
256 875
158 340
149 520
198 641
373 642
133 926
605 921
751 975
603 811
827 970
371 690
381 883
367 985
213 518
201 400
170 821
113 287
8 944
345 529
162 593
272 990
187 357
13 470
871 989
424 714
625 704
737 945
396 652
478 950
271 886
813 940
328 373
240 489
164 386
9 714
676 948
574 900
335 389
453 610
722 771
276 425
31 99
96 494
165 853
664 951
65 97
576 838
139 800
276 546
73 446
464 489
120 679
221 731
298 685
509 905
144 218
75 384
145 857
379 795
38 502
833 965
7 923
615 742
274 449
207 459
377 870
242 911
112 572
68 236
210 814
402 755
286 580
148 350
368 619
14 121
552 699
278 352
341 637
401 688
184 690
1 946
155 632
876 917
655 689
72 368
751 922
401 809
855 979
293 946
353 997
475 694
70 645
281 599
387 766
734 810
987 990
38 60
549 764
526 817
209 881
176 704
9 298
129 592
597 697
182 189
183 828
785 933
563 820
241 769
131 143
375 769
165 895
236 546
664 993
370 546
540 957
189 205
875 947
400 654
18 323
465 783
14 618
0 720
77 149
51 914
25 484
352 613
255 946
86 908
386 611
97 508
41 613
36 269
71 721
291 495
315 852
40 95
83 731
652 888
443 485
49 854
230 377
137 149
245 914
18 457
99 796
508 735
216 334
37 857
362 388
284 963
251 557
555 968
178 981
107 512
742 794
593 671
127 871
779 797
130 388
481 874
429 684
195 517
322 558
219 874
162 340
420 864
11 696
395 807
329 453
232 291
37 52
121 689
317 335
429 576
816 985
343 509
128 584
40 471
191 869
89 592
299 587
32 472
568 977
293 772
705 982
383 702
391 526
556 630
0 412
247 518
266 531
142 990
615 944
35 369
356 424
75 936
452 657
479 531
331 367
50 354
19 775
454 474
247 639
887 999
524 947
338 528
238 590
577 773
871 991
582 888
461 598
576 585
25 189
871 883
2 434
12 893
177 960
46 891
693 998
335 499
481 553
472 770
769 993
1 330
275 606
209 252
66 432
458 727
48 563
15 386
151 920
99 501
52 389
230 432
601 604
28 971
532 733
430 722
564 722
214 572
511 566
216 389
615 623
293 343
127 805
448 631
134 966
59 563
150 156
647 962
205 617
27 759
264 406
599 921
142 682
87 746
730 852
12 572
466 513
333 923
121 515
453 988
88 338
24 582
221 867
436 526
237 811
22 886
66 929
84 754
813 863
54 582
427 827
345 465
355 924
825 994
498 599
124 129
225 935
706 750
904 994
549 766
122 433
232 830
460 694
6 258
734 933
2 260
650 710
139 494
92 419
111 432
336 779
5 679
100 953
20 435
340 376
197 970
38 425
153 900
134 658
326 828
372 715
303 615
0 843
110 449
311 439
280 897
187 669
949 955
141 967
227 741
180 895
620 672
397 600
564 777
641 960
305 782
181 221
673 912
24 274
115 621
221 788
110 691
108 618
407 914
300 559
527 750
198 511
258 562
356 868
189 691
101 578
515 632
812 855
476 906
242 739
517 678
80 411
580 734
115 634
772 904
309 914
188 624
91 691
72 412
536 812
332 753
60 294
133 809
8 814
1 774
188 866
384 512
458 461
21 460
45 817
482 818
7 296
158 694
17 755
834 977
6 71
570 638
468 627
99 235
458 582
561 939
234 581
390 828
68 548
76 143
301 756
4 240
317 700
182 246
21 594
370 482
938 939
284 415
239 901
211 839
829 888
553 724
160 500
312 719
465 732
647 709
16 613
81 971
101 391
166 786
4 495
96 498
309 727
142 321
210 684
196 786
485 660
531 776
30 753
893 899
64 522
163 501
476 732
302 808
677 722
608 622
387 623
211 397
339 582
311 520
319 869
162 397
322 386
88 219
620 982
31 587
256 934
143 239
19 469
804 924
81 300
265 875
19 590
14 246
552 824
395 877
103 180
311 883
286 826
795 932
211 652
159 462
320 824
42 587
410 488
234 757
284 349
43 142
977 986
163 180
255 937
351 645
67 886
889 994
125 598
372 704
91 196
242 365
595 897
689 761
331 558
233 666
935 938
186 325
414 943
367 602
754 782
251 427
118 800
580 602
136 854
244 387
543 949
562 962
629 723
312 787
408 495
243 687
158 320
297 664
490 564
407 795
102 159
455 957
240 803
611 975
399 796
803 916
491 506
345 977
288 443
152 811
691 796
591 858
217 913
95 169
172 352
526 621
154 978
189 706
703 927
124 991
339 879
397 857
311 817
429 809
336 352
468 508
5 481
118 129
804 871
530 568
260 478
493 686
283 876
286 881
112 994
370 471
72 777
314 835
28 478
896 931
72 898
144 774
372 409
551 640
349 654
46 653
51 731
651 992
764 869
752 815
623 664
638 649
476 587
385 728
61 79
44 435
981 988
599 657
511 544
502 724
87 253
567 890
768 880
185 559
133 369
3 259
789 939
121 251
197 798
367 657
303 901
611 788
209 485
302 447
209 256
761 961
184 428
736 904
502 737
92 839
333 901
227 919
636 858
763 899
4 618
480 547
803 971
121 385
313 555
50 855
210 578
723 840
434 737
167 622
14 114
529 974
174 517
17 799
75 740
724 920
116 283
107 692
579 687
133 866
293 818
138 163
38 750
304 869
598 821
790 991
477 531
484 921
621 926
128 764
535 859
573 885
153 299
120 351
567 811
70 530
349 588
720 760
38 174
223 893
56 487
685 695
371 993
445 942
674 765
197 840
521 937
378 888
850 883
368 880
542 767
321 768
206 552
211 896
233 655
558 711
782 833
111 665
817 827
393 765
453 779
7 958
24 144
172 796
120 606
474 838
592 601
132 845
192 896
622 709
197 974
10 330
548 908
114 158
647 658
611 964
201 837
237 265
624 674
90 969
26 984
222 630
240 684
21 88
555 961
511 854
156 397
592 964
91 453
946 967
85 867
828 911
234 438
425 972
98 577
170 682
193 814
279 625
512 567
307 808
274 631
334 682
264 586
388 918
556 731
547 682
41 56
458 573
155 572
45 700
121 924
456 648
621 752
220 408
533 639
679 693
104 233
301 747
268 304
727 855
686 817
42 752
639 742
377 476
767 927
804 994
236 473
227 424
163 934
194 247
221 350
281 889
157 365
253 827
877 920
192 817
486 540
389 873
563 760
181 843
44 545
632 715
236 486
218 846
606 699
729 769
835 936
309 597
856 995
372 882
4 486
434 713
30 623
365 613
179 194
166 669
100 315
191 433
344 675
302 449
214 336
186 503
217 607
529 613
114 334
77 452
124 914
45 392
256 804
583 970
272 785
728 799
571 852
483 968
56 113
682 804
230 909
216 745
101 529
395 747
228 984
589 963
665 692
274 578
513 860
6 9
542 743
234 627
439 507
208 345
498 592
792 810
451 517
220 355
423 943
725 756
81 425
655 926
15 71
493 635
280 756
660 748
183 823
76 431
370 649
296 471
67 648
479 821
23 541
88 936
349 711
454 764
132 713
585 695
278 952
179 946
514 936
137 949
753 952
379 482
38 189
203 485
53 955
245 896
536 550
527 730
194 786
529 776
606 767
45 205
354 960
319 673
346 547
28 911
611 966
251 660
297 547
198 504
222 861
610 714
401 725
33 329
76 928
337 969
717 961
538 730
106 807
95 160
298 748
770 972
536 805
355 730
350 386
828 913
117 858
772 789
211 227
431 459
240 928
661 921
807 975
110 818
22 934
231 290
846 859
629 861
91 926
380 800
867 918
608 923
162 577
126 883
321 341
104 343
150 230
493 569
572 862
597 626
99 120
315 647
141 531
573 942
194 357
355 985
602 862
588 927
734 752
288 931
477 830
7 652
163 936
326 405
59 61
336 598
518 575
627 747
553 717
119 196
107 896
803 828
150 714
57 486
331 725
231 787
437 892
222 674
645 777
122 507
73 322
28 845
129 897
710 879
163 252
256 443
295 371
434 715
112 435
184 540
276 543
400 838
111 735
243 625
421 897
717 895
249 561
87 499
138 959
50 846
522 841
702 893
944 951
513 849
311 634
438 675
23 167
594 922
38 741
79 513
426 557
194 988
249 924
312 980
4 864
130 451
300 862
274 809
730 860
306 761
676 745
621 809
440 468
660 737
598 825
491 699
213 691
339 830
280 866
643 689
901 984
348 771
246 989
442 635
207 243
743 748
588 874
274 943
34 702
190 949
133 186
273 839
166 713
146 771
622 700
747 880
35 674
318 474
376 415
67 74
251 420
173 500
140 323
439 885
379 605
376 536
218 916
523 963
41 731
206 798
71 839
93 103
529 899
518 777
844 947
608 670
267 377
483 904
624 799
621 730
386 863
380 789
182 804
718 784
271 738
390 689
100 627
897 907
24 753
368 563
373 641
716 980
292 918
457 756
10 939
349 405
440 523
67 692
380 923
630 805
234 805
308 754
276 987
436 939
651 864
274 877
134 574
180 461
465 593
577 770
29 413
639 867
231 547
266 770
609 880
378 947
59 413
133 362
264 845
501 529
50 593
55 442
297 470
333 652
462 537
44 549
613 706
659 822
315 783
240 609
147 381
276 303
699 894
421 657
149 198
2 673
433 896
185 794
196 660
55 684
66 550
16 958
10 160
689 943
92 724
460 891
18 509
330 781
600 605
214 569
902 943
131 571
253 268
5 166
82 386
469 795
598 680
31 569
619 739
443 779
38 730
291 910
57 743
51 403
480 553
603 623
547 728
2 110
447 497
545 803
476 969
484 793
314 641
181 755
520 975
165 518
478 749
211 634
32 174
159 215
615 983
255 677
890 959
191 692
149 695
778 866
828 983
65 472
266 462
558 570
496 924
364 704
37 346
773 909
162 755
126 832
437 465
220 467
533 927
118 419
670 932
30 77
141 817
586 938
438 811
116 760
570 930
107 940
47 660
83 354
477 887
24 124
576 637
653 820
133 296
79 999
850 876
309 643
89 899
551 701
237 245
30 669
104 655
365 659
731 753
398 957
272 589
810 938
653 954
155 189
625 892
886 896
325 371
108 373
178 846
63 78
18 564
432 847
481 968
849 906
367 610
224 790
394 447
344 626
946 960
52 683
728 737
423 855
483 906
705 955
199 329
125 151
75 559
404 734
304 796
354 388
455 965
128 570
329 560
147 583
140 809
373 522
427 987
172 468
287 455
3 696
130 629
159 283
155 807
447 686
287 468
75 814
231 536
341 933
69 245
160 592
79 933
315 772
260 836
323 367
42 879
4 358
45 130
509 759
8 477
132 543
228 251
150 826
305 471
2 662
67 828
722 988
340 428
105 531
50 366
756 757
62 834
497 533
268 673
212 778
349 783
453 840
36 444
173 907
715 961
314 388
668 886
200 552
298 794
260 273
242 670
154 557
61 329
71 788
580 665
544 971
392 614
230 781
142 439
21 378
36 915
53 101
283 792
402 743
209 614
575 671
510 727
241 273
413 794
283 684
520 856
542 615
0 332
280 615
78 925
53 343
572 908
126 821
46 569
266 572
593 738
142 802
431 639
188 918
269 348
48 120
378 749
586 698
372 446
157 521
792 803
542 628
491 811
219 352
381 939
725 749
596 864
57 61
375 865
177 880
295 872
90 359
138 292
270 411
473 770
63 872
291 470
153 765
461 652
446 529
162 770
85 486
115 365
259 824
111 660
465 663
159 593
47 86
0 11
351 534
301 942
201 711
94 319
761 782
225 250
268 849
56 966
307 319
135 212
236 789
409 717
594 618
43 515
202 508
91 677
237 502
186 685
165 333
132 156
651 721
786 801
772 903
417 446
297 795
9 328
547 906
598 871
491 516
656 849
76 237
397 854
317 565
374 870
197 648
85 178
16 344
444 525
688 922
741 748
709 981
500 807
321 347
178 527
576 802
48 417
227 648
268 420
328 471
226 460
231 538
284 401
456 885
36 70
108 175
357 879
425 525
74 941
550 641
574 769
549 941
530 699
70 943
636 829
947 987
245 715
168 202
701 702
346 474
766 831
750 823
469 544
111 836
518 702
13 715
481 554
272 417
659 826
203 546
222 559
446 947
261 901
98 385
43 449
15 616
289 855
757 960
47 275
117 785
170 611
6 688
496 781
550 788
302 686
396 550
547 719
184 667
123 391
224 968
64 750
344 804
218 399
209 845
715 976
580 788
159 206
45 858
3 861
347 671
383 853
547 961
695 859
24 691
104 391
596 853
850 854
8 50
147 882
582 810
254 456
345 574
653 690
326 332
262 576
87 989
66 112
357 584
100 928
618 625
301 918
555 690
500 754
722 803
199 533
405 867
484 931
262 818
234 756
5 667
226 528
666 763
129 824
96 418
426 818
472 934
669 953
565 832
289 668
177 198
443 583
168 378
107 139
648 722
174 314
565 724
298 609
817 945
517 653
902 989
529 892
23 791
22 566
44 850
538 833
18 797
265 674
278 384
194 915
106 802
615 908
689 894
615 679
607 680
156 515
422 671
366 739
245 449
112 859
580 964
459 674
78 982
136 169
792 968
179 741
261 285
482 927
114 531
438 857
278 639
635 913
104 459
408 870
126 891
243 244
196 398
454 693
574 758
859 863
556 862
470 822
368 811
38 118
364 776
418 753
294 946
449 591
528 884
882 887
250 876
824 882
245 946
427 428
298 543
60 900
99 599
199 951
68 202
386 548
207 317
454 948
89 261
398 787
351 712
530 943
188 425
666 952
647 710
289 736
200 664
272 769
497 887
51 275
188 546
386 790
81 154
504 782
173 682
84 839
6 919
133 731
26 110
36 798
314 742
150 267
35 51
260 398
405 493
140 747
728 917
44 221
197 234
329 619
656 785
417 503
329 390
471 968
218 522
415 807
327 694
458 625
719 925
264 530
73 935
40 758
263 278
218 535
240 294
229 401
477 880
494 820
265 997
103 410
260 653
380 984
378 874
551 802
878 931
262 699
179 930
110 305
327 828
407 528
393 630
319 415
463 874
889 982
89 892
102 831
107 946
371 992
137 825
525 641
7 715
287 998
120 592
1 375
325 472
437 713
16 656
310 837
558 710
351 646
84 302
194 662
249 369
45 310
432 719
7 18
129 947
52 205
819 872
230 477
284 713
798 934
311 321
591 604
61 375
65 265
629 832
87 549
666 899
511 961
332 501
211 440
409 721
353 560
435 858
204 437
314 797
179 380
203 737
244 738
