7 17
7 35
29 32
18 44
8 9
0 5
29 41
6 48
21 46
41 42
2 32
33 47
3 6
3 24
14 24
22 46
14 42
36 48
7 21
18 30
9 49
6 34
29 36
21 32
10 22
2 27
25 29
33 42
10 40
10 49
25 47
2 45
22 23
14 19
22 32
17 39
7 16
28 48
29 31
21 27
6 38
2 13
10 26
2 22
10 44
32 41
2 49
3 14
22 27
24 46
14 23
3 23
14 32
17 25
9 30
17 43
5 41
28 43
6 15
6 24
6 33
21 31
40 44
29 44
6 42
21 49
10 21
2 26
25 28
32 36
3 9
35 41
14 18
1 48
16 46
28 29
17 29
9 34
28 47
9 43
6 19
6 28
21 26
6 37
21 35
6 46
31 48
2 12
12 44
2 30
24 36
16 32
9 20
5 31
17 33
28 33
9 29
5 40
5 49
6 32
21 30
10 11
12 39
12 48
4 44
13 22
16 18
13 31
35 40
24 49
5 8
17 19
9 15
17 28
5 26
28 37
5 44
27 41
42 48
30 46
39 42
12 25
31 38
20 38
12 34
23 34
20 47
2 11
31 47
4 39
24 26
1 24
16 22
24 35
35 44
9 10
5 21
5 39
8 32
19 32
27 45
42 43
8 41
0 37
11 46
20 24
20 33
31 33
23 29
12 29
20 42
4 25
4 34
23 47
1 10
4 43
13 21
1 28
16 26
16 35
5 7
9 14
26 48
7 44
19 27
27 40
30 36
27 49
8 45
0 41
20 28
23 24
12 24
12 33
23 42
12 42
34 39
45 48
34 48
1 23
24 25
37 44
16 21
1 32
16 30
5 11
46 49
15 43
18 48
0 18
30 31
0 27
30 40
8 40
19 40
19 49
12 19
31 32
20 32
12 28
1 9
34 43
3 46
15 20
5 6
38 40
15 38
18 34
15 47
38 49
26 47
0 4
8 26
19 26
0 22
8 35
30 35
0 31
19 44
11 49
12 14
12 23
1 4
1 13
22 45
37 43
18 20
7 29
15 42
8 12
19 21
8 30
0 26
11 26
11 35
0 35
4 5
10 48
4 14
3 27
34 42
14 36
3 36
37 38
3 45
7 33
26 46
29 48
11 12
0 12
21 44
11 30
10 34
41 49
10 43
4 9
33 45
2 39
14 22
22 35
37 42
14 40
3 49
18 19
26 32
7 28
7 37
40 43
0 7
6 41
21 48
10 20
2 25
25 27
33 40
10 38
2 34
2 43
25 45
3 17
14 26
3 35
3 44
15 18
7 23
9 42
0 2
21 34
6 45
21 43
10 15
33 35
10 33
10 42
2 38
25 40
32 48
22 25
3 21
17 32
36 45
28 41
17 41
40 42
29 42
2 6
10 19
2 15
25 26
25 35
32 34
32 43
3 7
13 39
3 16
35 48
14 25
3 25
17 27
17 36
9 32
5 43
6 8
28 45
9 41
21 24
10 14
20 46
31 46
2 10
32 38
24 34
3 11
35 43
17 22
5 20
28 40
9 36
28 49
9 45
6 39
2 5
20 41
23 46
2 23
13 20
32 33
24 38
13 38
17 26
5 33
17 35
9 31
6 7
27 48
39 40
20 36
12 32
23 32
2 18
13 15
1 22
16 20
24 33
1 31
13 42
35 42
17 21
5 28
9 26
5 37
6 11
30 39
11 44
12 18
12 27
4 23
20 49
4 32
1 8
24 28
13 28
24 37
1 35
16 33
16 42
5 14
5 32
27 29
19 34
8 34
30 34
27 47
42 45
30 43
11 39
12 13
20 26
4 18
23 31
20 44
4 27
23 40
1 12
4 45
45 46
13 23
1 21
1 39
46 47
5 18
18 46
8 29
19 29
27 42
0 25
19 38
30 38
11 34
8 47
19 47
11 43
20 21
4 13
23 26
31 39
23 35
4 31
1 7
4 40
34 41
1 16
1 25
38 47
26 45
8 15
8 24
19 24
30 33
27 46
11 29
8 42
0 38
11 38
41 48
12 21
4 17
25 49
34 45
37 41
14 39
3 48
15 22
7 18
18 27
38 42
15 40
7 36
18 45
8 10
27 32
0 15
19 28
8 28
11 24
19 37
8 37
0 33
11 33
11 42
0 42
33 39
12 16
33 48
4 21
14 34
18 22
15 35
7 31
26 44
15 44
18 40
18 49
8 14
0 10
29 46
40 46
8 23
11 19
33 34
41 47
25 30
4 7
10 41
22 24
3 20
34 35
22 33
3 38
37 49
